[cosmological_parameters]
omega_m      =  0.1     0.26     0.9
h0           =  0.55    0.6736    0.91
omega_b      =  0.03    0.0493   0.07
n_s          =  0.87    0.9649    1.07
A_s          =  0.5e-09 3.0812827e-9 5.0e-09
w            =  -1.0


mnu = 0.06  0.06092   0.2
; mnu = 0.00  0.00   0.2
num_massive_neutrinos = 3
nnu = 3.046

omega_k      =  0.0
tau          =  0.056173

[emusave]
lhsid = -1 0 5000000

[shear_calibration_parameters]
m1 = -0.0518  -0.0063  0.0392
m2 = -0.0588  -0.0198  0.0192 
m3 = -0.0621  -0.0241  0.0139
m4 = -0.0749  -0.0369  0.001

[wl_photoz_errors]
bias_1 = -0.05   0.0   0.05
bias_2 = -0.05   0.0   0.05
bias_3 = -0.05   0.0   0.05
bias_4 = -0.05   0.0   0.05

[intrinsic_alignment_parameters]
z_piv   =  0.62
A1      = -5.0   1.0  5.0
A2      = 0.0
alpha1  = -5.0  1.0  5.0
alpha2  = 0.0
bias_ta =  0.0
